160
1.200000 0.000000 0.000000
0.848528 -0.848528 0.000000
0.794510 -0.794510 0.235114
0.794510 -0.794510 0.235114
1.123607 0.000000 0.235114
1.200000 0.000000 0.000000
1.123607 0.000000 0.235114
0.794510 -0.794510 0.235114
0.653089 -0.653089 0.380423
0.653089 -0.653089 0.380423
0.923607 0.000000 0.380423
1.123607 0.000000 0.235114
0.923607 0.000000 0.380423
0.653089 -0.653089 0.380423
0.478282 -0.478282 0.380423
0.478282 -0.478282 0.380423
0.676393 0.000000 0.380423
0.923607 0.000000 0.380423
0.676393 0.000000 0.380423
0.478282 -0.478282 0.380423
0.336861 -0.336861 0.235114
0.336861 -0.336861 0.235114
0.476393 0.000000 0.235114
0.676393 0.000000 0.380423
0.476393 0.000000 0.235114
0.336861 -0.336861 0.235114
0.282843 -0.282843 0.000000
0.282843 -0.282843 0.000000
0.400000 0.000000 0.000000
0.476393 0.000000 0.235114
0.400000 0.000000 0.000000
0.282843 -0.282843 0.000000
0.336861 -0.336861 -0.235114
0.336861 -0.336861 -0.235114
0.476393 0.000000 -0.235114
0.400000 0.000000 0.000000
0.476393 0.000000 -0.235114
0.336861 -0.336861 -0.235114
0.478282 -0.478282 -0.380423
0.478282 -0.478282 -0.380423
0.676393 0.000000 -0.380423
0.476393 0.000000 -0.235114
0.676393 0.000000 -0.380423
0.478282 -0.478282 -0.380423
0.653089 -0.653089 -0.380423
0.653089 -0.653089 -0.380423
0.923607 0.000000 -0.380423
0.676393 0.000000 -0.380423
0.923607 0.000000 -0.380423
0.653089 -0.653089 -0.380423
0.794510 -0.794510 -0.235114
0.794510 -0.794510 -0.235114
1.123607 0.000000 -0.235114
0.923607 0.000000 -0.380423
1.123607 0.000000 -0.235114
0.794510 -0.794510 -0.235114
0.848528 -0.848528 0.000000
0.848528 -0.848528 0.000000
1.200000 0.000000 0.000000
1.123607 0.000000 -0.235114
0.848528 -0.848528 0.000000
0.000000 -1.200000 0.000000
0.000000 -1.123607 0.235114
0.000000 -1.123607 0.235114
0.794510 -0.794510 0.235114
0.848528 -0.848528 0.000000
0.794510 -0.794510 0.235114
0.000000 -1.123607 0.235114
0.000000 -0.923607 0.380423
0.000000 -0.923607 0.380423
0.653089 -0.653089 0.380423
0.794510 -0.794510 0.235114
0.653089 -0.653089 0.380423
0.000000 -0.923607 0.380423
0.000000 -0.676393 0.380423
0.000000 -0.676393 0.380423
0.478282 -0.478282 0.380423
0.653089 -0.653089 0.380423
0.478282 -0.478282 0.380423
0.000000 -0.676393 0.380423
0.000000 -0.476393 0.235114
0.000000 -0.476393 0.235114
0.336861 -0.336861 0.235114
0.478282 -0.478282 0.380423
0.336861 -0.336861 0.235114
0.000000 -0.476393 0.235114
0.000000 -0.400000 0.000000
0.000000 -0.400000 0.000000
0.282843 -0.282843 0.000000
0.336861 -0.336861 0.235114
0.282843 -0.282843 0.000000
0.000000 -0.400000 0.000000
0.000000 -0.476393 -0.235114
0.000000 -0.476393 -0.235114
0.336861 -0.336861 -0.235114
0.282843 -0.282843 0.000000
0.336861 -0.336861 -0.235114
0.000000 -0.476393 -0.235114
0.000000 -0.676393 -0.380423
0.000000 -0.676393 -0.380423
0.478282 -0.478282 -0.380423
0.336861 -0.336861 -0.235114
0.478282 -0.478282 -0.380423
0.000000 -0.676393 -0.380423
0.000000 -0.923607 -0.380423
0.000000 -0.923607 -0.380423
0.653089 -0.653089 -0.380423
0.478282 -0.478282 -0.380423
0.653089 -0.653089 -0.380423
0.000000 -0.923607 -0.380423
0.000000 -1.123607 -0.235114
0.000000 -1.123607 -0.235114
0.794510 -0.794510 -0.235114
0.653089 -0.653089 -0.380423
0.794510 -0.794510 -0.235114
0.000000 -1.123607 -0.235114
0.000000 -1.200000 0.000000
0.000000 -1.200000 0.000000
0.848528 -0.848528 0.000000
0.794510 -0.794510 -0.235114
0.000000 -1.200000 0.000000
-0.848528 -0.848528 0.000000
-0.794510 -0.794510 0.235114
-0.794510 -0.794510 0.235114
0.000000 -1.123607 0.235114
0.000000 -1.200000 0.000000
0.000000 -1.123607 0.235114
-0.794510 -0.794510 0.235114
-0.653089 -0.653089 0.380423
-0.653089 -0.653089 0.380423
0.000000 -0.923607 0.380423
0.000000 -1.123607 0.235114
0.000000 -0.923607 0.380423
-0.653089 -0.653089 0.380423
-0.478282 -0.478282 0.380423
-0.478282 -0.478282 0.380423
0.000000 -0.676393 0.380423
0.000000 -0.923607 0.380423
0.000000 -0.676393 0.380423
-0.478282 -0.478282 0.380423
-0.336861 -0.336861 0.235114
-0.336861 -0.336861 0.235114
0.000000 -0.476393 0.235114
0.000000 -0.676393 0.380423
0.000000 -0.476393 0.235114
-0.336861 -0.336861 0.235114
-0.282843 -0.282843 0.000000
-0.282843 -0.282843 0.000000
0.000000 -0.400000 0.000000
0.000000 -0.476393 0.235114
0.000000 -0.400000 0.000000
-0.282843 -0.282843 0.000000
-0.336861 -0.336861 -0.235114
-0.336861 -0.336861 -0.235114
0.000000 -0.476393 -0.235114
0.000000 -0.400000 0.000000
0.000000 -0.476393 -0.235114
-0.336861 -0.336861 -0.235114
-0.478282 -0.478282 -0.380423
-0.478282 -0.478282 -0.380423
0.000000 -0.676393 -0.380423
0.000000 -0.476393 -0.235114
0.000000 -0.676393 -0.380423
-0.478282 -0.478282 -0.380423
-0.653089 -0.653089 -0.380423
-0.653089 -0.653089 -0.380423
0.000000 -0.923607 -0.380423
0.000000 -0.676393 -0.380423
0.000000 -0.923607 -0.380423
-0.653089 -0.653089 -0.380423
-0.794510 -0.794510 -0.235114
-0.794510 -0.794510 -0.235114
0.000000 -1.123607 -0.235114
0.000000 -0.923607 -0.380423
0.000000 -1.123607 -0.235114
-0.794510 -0.794510 -0.235114
-0.848528 -0.848528 0.000000
-0.848528 -0.848528 0.000000
0.000000 -1.200000 0.000000
0.000000 -1.123607 -0.235114
-0.848528 -0.848528 0.000000
-1.200000 0.000000 0.000000
-1.123607 0.000000 0.235114
-1.123607 0.000000 0.235114
-0.794510 -0.794510 0.235114
-0.848528 -0.848528 0.000000
-0.794510 -0.794510 0.235114
-1.123607 0.000000 0.235114
-0.923607 0.000000 0.380423
-0.923607 0.000000 0.380423
-0.653089 -0.653089 0.380423
-0.794510 -0.794510 0.235114
-0.653089 -0.653089 0.380423
-0.923607 0.000000 0.380423
-0.676393 0.000000 0.380423
-0.676393 0.000000 0.380423
-0.478282 -0.478282 0.380423
-0.653089 -0.653089 0.380423
-0.478282 -0.478282 0.380423
-0.676393 0.000000 0.380423
-0.476393 0.000000 0.235114
-0.476393 0.000000 0.235114
-0.336861 -0.336861 0.235114
-0.478282 -0.478282 0.380423
-0.336861 -0.336861 0.235114
-0.476393 0.000000 0.235114
-0.400000 0.000000 0.000000
-0.400000 0.000000 0.000000
-0.282843 -0.282843 0.000000
-0.336861 -0.336861 0.235114
-0.282843 -0.282843 0.000000
-0.400000 0.000000 0.000000
-0.476393 0.000000 -0.235114
-0.476393 0.000000 -0.235114
-0.336861 -0.336861 -0.235114
-0.282843 -0.282843 0.000000
-0.336861 -0.336861 -0.235114
-0.476393 0.000000 -0.235114
-0.676393 0.000000 -0.380423
-0.676393 0.000000 -0.380423
-0.478282 -0.478282 -0.380423
-0.336861 -0.336861 -0.235114
-0.478282 -0.478282 -0.380423
-0.676393 0.000000 -0.380423
-0.923607 0.000000 -0.380423
-0.923607 0.000000 -0.380423
-0.653089 -0.653089 -0.380423
-0.478282 -0.478282 -0.380423
-0.653089 -0.653089 -0.380423
-0.923607 0.000000 -0.380423
-1.123607 0.000000 -0.235114
-1.123607 0.000000 -0.235114
-0.794510 -0.794510 -0.235114
-0.653089 -0.653089 -0.380423
-0.794510 -0.794510 -0.235114
-1.123607 0.000000 -0.235114
-1.200000 0.000000 0.000000
-1.200000 0.000000 0.000000
-0.848528 -0.848528 0.000000
-0.794510 -0.794510 -0.235114
-1.200000 0.000000 0.000000
-0.848528 0.848528 0.000000
-0.794510 0.794510 0.235114
-0.794510 0.794510 0.235114
-1.123607 0.000000 0.235114
-1.200000 0.000000 0.000000
-1.123607 0.000000 0.235114
-0.794510 0.794510 0.235114
-0.653089 0.653089 0.380423
-0.653089 0.653089 0.380423
-0.923607 0.000000 0.380423
-1.123607 0.000000 0.235114
-0.923607 0.000000 0.380423
-0.653089 0.653089 0.380423
-0.478282 0.478282 0.380423
-0.478282 0.478282 0.380423
-0.676393 0.000000 0.380423
-0.923607 0.000000 0.380423
-0.676393 0.000000 0.380423
-0.478282 0.478282 0.380423
-0.336861 0.336861 0.235114
-0.336861 0.336861 0.235114
-0.476393 0.000000 0.235114
-0.676393 0.000000 0.380423
-0.476393 0.000000 0.235114
-0.336861 0.336861 0.235114
-0.282843 0.282843 0.000000
-0.282843 0.282843 0.000000
-0.400000 0.000000 0.000000
-0.476393 0.000000 0.235114
-0.400000 0.000000 0.000000
-0.282843 0.282843 0.000000
-0.336861 0.336861 -0.235114
-0.336861 0.336861 -0.235114
-0.476393 0.000000 -0.235114
-0.400000 0.000000 0.000000
-0.476393 0.000000 -0.235114
-0.336861 0.336861 -0.235114
-0.478282 0.478282 -0.380423
-0.478282 0.478282 -0.380423
-0.676393 0.000000 -0.380423
-0.476393 0.000000 -0.235114
-0.676393 0.000000 -0.380423
-0.478282 0.478282 -0.380423
-0.653089 0.653089 -0.380423
-0.653089 0.653089 -0.380423
-0.923607 0.000000 -0.380423
-0.676393 0.000000 -0.380423
-0.923607 0.000000 -0.380423
-0.653089 0.653089 -0.380423
-0.794510 0.794510 -0.235114
-0.794510 0.794510 -0.235114
-1.123607 0.000000 -0.235114
-0.923607 0.000000 -0.380423
-1.123607 0.000000 -0.235114
-0.794510 0.794510 -0.235114
-0.848528 0.848528 0.000000
-0.848528 0.848528 0.000000
-1.200000 0.000000 0.000000
-1.123607 0.000000 -0.235114
-0.848528 0.848528 0.000000
0.000000 1.200000 0.000000
0.000000 1.123607 0.235114
0.000000 1.123607 0.235114
-0.794510 0.794510 0.235114
-0.848528 0.848528 0.000000
-0.794510 0.794510 0.235114
0.000000 1.123607 0.235114
0.000000 0.923607 0.380423
0.000000 0.923607 0.380423
-0.653089 0.653089 0.380423
-0.794510 0.794510 0.235114
-0.653089 0.653089 0.380423
0.000000 0.923607 0.380423
0.000000 0.676393 0.380423
0.000000 0.676393 0.380423
-0.478282 0.478282 0.380423
-0.653089 0.653089 0.380423
-0.478282 0.478282 0.380423
0.000000 0.676393 0.380423
0.000000 0.476393 0.235114
0.000000 0.476393 0.235114
-0.336861 0.336861 0.235114
-0.478282 0.478282 0.380423
-0.336861 0.336861 0.235114
0.000000 0.476393 0.235114
0.000000 0.400000 0.000000
0.000000 0.400000 0.000000
-0.282843 0.282843 0.000000
-0.336861 0.336861 0.235114
-0.282843 0.282843 0.000000
0.000000 0.400000 0.000000
0.000000 0.476393 -0.235114
0.000000 0.476393 -0.235114
-0.336861 0.336861 -0.235114
-0.282843 0.282843 0.000000
-0.336861 0.336861 -0.235114
0.000000 0.476393 -0.235114
0.000000 0.676393 -0.380423
0.000000 0.676393 -0.380423
-0.478282 0.478282 -0.380423
-0.336861 0.336861 -0.235114
-0.478282 0.478282 -0.380423
0.000000 0.676393 -0.380423
0.000000 0.923607 -0.380423
0.000000 0.923607 -0.380423
-0.653089 0.653089 -0.380423
-0.478282 0.478282 -0.380423
-0.653089 0.653089 -0.380423
0.000000 0.923607 -0.380423
0.000000 1.123607 -0.235114
0.000000 1.123607 -0.235114
-0.794510 0.794510 -0.235114
-0.653089 0.653089 -0.380423
-0.794510 0.794510 -0.235114
0.000000 1.123607 -0.235114
0.000000 1.200000 0.000000
0.000000 1.200000 0.000000
-0.848528 0.848528 0.000000
-0.794510 0.794510 -0.235114
0.000000 1.200000 0.000000
0.848528 0.848528 0.000000
0.794510 0.794510 0.235114
0.794510 0.794510 0.235114
0.000000 1.123607 0.235114
0.000000 1.200000 0.000000
0.000000 1.123607 0.235114
0.794510 0.794510 0.235114
0.653089 0.653089 0.380423
0.653089 0.653089 0.380423
0.000000 0.923607 0.380423
0.000000 1.123607 0.235114
0.000000 0.923607 0.380423
0.653089 0.653089 0.380423
0.478282 0.478282 0.380423
0.478282 0.478282 0.380423
0.000000 0.676393 0.380423
0.000000 0.923607 0.380423
0.000000 0.676393 0.380423
0.478282 0.478282 0.380423
0.336861 0.336861 0.235114
0.336861 0.336861 0.235114
0.000000 0.476393 0.235114
0.000000 0.676393 0.380423
0.000000 0.476393 0.235114
0.336861 0.336861 0.235114
0.282843 0.282843 0.000000
0.282843 0.282843 0.000000
0.000000 0.400000 0.000000
0.000000 0.476393 0.235114
0.000000 0.400000 0.000000
0.282843 0.282843 0.000000
0.336861 0.336861 -0.235114
0.336861 0.336861 -0.235114
0.000000 0.476393 -0.235114
0.000000 0.400000 0.000000
0.000000 0.476393 -0.235114
0.336861 0.336861 -0.235114
0.478282 0.478282 -0.380423
0.478282 0.478282 -0.380423
0.000000 0.676393 -0.380423
0.000000 0.476393 -0.235114
0.000000 0.676393 -0.380423
0.478282 0.478282 -0.380423
0.653089 0.653089 -0.380423
0.653089 0.653089 -0.380423
0.000000 0.923607 -0.380423
0.000000 0.676393 -0.380423
0.000000 0.923607 -0.380423
0.653089 0.653089 -0.380423
0.794510 0.794510 -0.235114
0.794510 0.794510 -0.235114
0.000000 1.123607 -0.235114
0.000000 0.923607 -0.380423
0.000000 1.123607 -0.235114
0.794510 0.794510 -0.235114
0.848528 0.848528 0.000000
0.848528 0.848528 0.000000
0.000000 1.200000 0.000000
0.000000 1.123607 -0.235114
0.848528 0.848528 0.000000
1.200000 0.000000 0.000000
1.123607 0.000000 0.235114
1.123607 0.000000 0.235114
0.794510 0.794510 0.235114
0.848528 0.848528 0.000000
0.794510 0.794510 0.235114
1.123607 0.000000 0.235114
0.923607 0.000000 0.380423
0.923607 0.000000 0.380423
0.653089 0.653089 0.380423
0.794510 0.794510 0.235114
0.653089 0.653089 0.380423
0.923607 0.000000 0.380423
0.676393 0.000000 0.380423
0.676393 0.000000 0.380423
0.478282 0.478282 0.380423
0.653089 0.653089 0.380423
0.478282 0.478282 0.380423
0.676393 0.000000 0.380423
0.476393 0.000000 0.235114
0.476393 0.000000 0.235114
0.336861 0.336861 0.235114
0.478282 0.478282 0.380423
0.336861 0.336861 0.235114
0.476393 0.000000 0.235114
0.400000 0.000000 0.000000
0.400000 0.000000 0.000000
0.282843 0.282843 0.000000
0.336861 0.336861 0.235114
0.282843 0.282843 0.000000
0.400000 0.000000 0.000000
0.476393 0.000000 -0.235114
0.476393 0.000000 -0.235114
0.336861 0.336861 -0.235114
0.282843 0.282843 0.000000
0.336861 0.336861 -0.235114
0.476393 0.000000 -0.235114
0.676393 0.000000 -0.380423
0.676393 0.000000 -0.380423
0.478282 0.478282 -0.380423
0.336861 0.336861 -0.235114
0.478282 0.478282 -0.380423
0.676393 0.000000 -0.380423
0.923607 0.000000 -0.380423
0.923607 0.000000 -0.380423
0.653089 0.653089 -0.380423
0.478282 0.478282 -0.380423
0.653089 0.653089 -0.380423
0.923607 0.000000 -0.380423
1.123607 0.000000 -0.235114
1.123607 0.000000 -0.235114
0.794510 0.794510 -0.235114
0.653089 0.653089 -0.380423
0.794510 0.794510 -0.235114
1.123607 0.000000 -0.235114
1.200000 0.000000 0.000000
1.200000 0.000000 0.000000
0.848528 0.848528 0.000000
0.794510 0.794510 -0.235114
